name: best_7x7_no33_nn_constrained_eta_included
family: local_no33_perturbation
eta_scale: 1.0905077326652577
matrix_sum: 1.0905077326652577
matrix:
0 0.0018300562189238971 0.0024351510909865312 -0.00040233398696852709 0.0024351510909865312 0.0018300562189238971 0
0.0018300562189238971 0.0074933585277809972 -0.0068902396070917998 0.021742400400048049 -0.0068902396070917998 0.0074933585277809972 0.0018300562189238971
0.0024351510909865312 -0.0068902396070917998 0.0098481572393313774 0.023796674462914863 0.0098481572393313774 -0.0068902396070917998 0.0024351510909865312
-0.00040233398696852709 0.021742400400048049 0.023796674462914863 0.86159496447028161 0.023796674462914863 0.021742400400048049 -0.00040233398696852709
0.0024351510909865312 -0.0068902396070917998 0.0098481572393313774 0.023796674462914863 0.0098481572393313774 -0.0068902396070917998 0.0024351510909865312
0.0018300562189238971 0.0074933585277809972 -0.0068902396070917998 0.021742400400048049 -0.0068902396070917998 0.0074933585277809972 0.0018300562189238971
0 0.0018300562189238971 0.0024351510909865312 -0.00040233398696852709 0.0024351510909865312 0.0018300562189238971 0
