name: best_7x7_full_retraining_controlled_eta_included
family: stage2_local_no33
eta_scale: 1.0905077326652577
matrix_sum: 1.0905077326652579
matrix:
0 0.0014935967640441455 0.0067322004360846092 0.0011678933645764278 0.0067322004360846092 0.0014935967640441455 0
0.0014935967640441455 0.0082710305417340139 -0.012845203834997468 0.025409416879817872 -0.012845203834997468 0.0082710305417340139 0.0014935967640441455
0.0067322004360846092 -0.012845203834997468 0.011229506750518741 0.0188795615062501 0.011229506750518741 -0.012845203834997468 0.0067322004360846092
0.0011678933645764278 0.025409416879817872 0.0188795615062501 0.86763334957261884 0.0188795615062501 0.025409416879817872 0.0011678933645764278
0.0067322004360846092 -0.012845203834997468 0.011229506750518741 0.0188795615062501 0.011229506750518741 -0.012845203834997468 0.0067322004360846092
0.0014935967640441455 0.0082710305417340139 -0.012845203834997468 0.025409416879817872 -0.012845203834997468 0.0082710305417340139 0.0014935967640441455
0 0.0014935967640441455 0.0067322004360846092 0.0011678933645764278 0.0067322004360846092 0.0014935967640441455 0
