name: best_corrected_7x7_candidate_eta_included
family: edge_only_no33_random
eta_scale: 1.0905077326652577
matrix_sum: 1.0905077326652579
matrix:
0 0.0023105948667213223 0.0052252124905382046 -0.013343487882653143 0.0052252124905382046 0.0023105948667213223 0
0.0023105948667213223 -0.0077095775242639556 0.0025027488870527602 0.015825121731971047 0.0025027488870527602 -0.0077095775242639556 0.0023105948667213223
0.0052252124905382046 0.0025027488870527602 0.015424692031524388 0.030518975033621141 0.015424692031524388 0.0025027488870527602 0.0052252124905382046
-0.013343487882653143 0.015825121731971047 0.030518975033621141 0.84733638914996157 0.030518975033621141 0.015825121731971047 -0.013343487882653143
0.0052252124905382046 0.0025027488870527602 0.015424692031524388 0.030518975033621141 0.015424692031524388 0.0025027488870527602 0.0052252124905382046
0.0023105948667213223 -0.0077095775242639556 0.0025027488870527602 0.015825121731971047 0.0025027488870527602 -0.0077095775242639556 0.0023105948667213223
0 0.0023105948667213223 0.0052252124905382046 -0.013343487882653143 0.0052252124905382046 0.0023105948667213223 0
