name: best_corrected_7x7_strict_kurtosis_eta_included
family: full_no33_regularized_random
eta_scale: 1.0905077326652577
matrix_sum: 1.0905077326652579
matrix:
0 -0.00049445091790770114 -0.001871702870691726 0.0082730747168234236 -0.001871702870691726 -0.00049445091790770114 0
-0.00049445091790770114 -0.01010741136035888 0.0002248176346745823 0.017195012474628485 0.0002248176346745823 -0.01010741136035888 -0.00049445091790770114
-0.001871702870691726 0.0002248176346745823 0.023512007565296002 0.025917350345297085 0.023512007565296002 0.0002248176346745823 -0.001871702870691726
0.0082730747168234236 0.017195012474628485 0.025917350345297085 0.84847828692991201 0.025917350345297085 0.017195012474628485 0.0082730747168234236
-0.001871702870691726 0.0002248176346745823 0.023512007565296002 0.025917350345297085 0.023512007565296002 0.0002248176346745823 -0.001871702870691726
-0.00049445091790770114 -0.01010741136035888 0.0002248176346745823 0.017195012474628485 0.0002248176346745823 -0.01010741136035888 -0.00049445091790770114
0 -0.00049445091790770114 -0.001871702870691726 0.0082730747168234236 -0.001871702870691726 -0.00049445091790770114 0
