name: best_7x7_full_retraining_controlled_eta_included
family: stage2_local_no33
eta_scale: 1.0905077326652577
matrix_sum: 1.0905077326652579
matrix:
0 0.0044839383308717977 0.0017035426015711648 -0.0036103957941032044 0.0017035426015711648 0.0044839383308717977 0
0.0044839383308717977 0.0044127905381662925 -0.0020167662459639078 0.021768562309143206 -0.0020167662459639078 0.0044127905381662925 0.0044839383308717977
0.0017035426015711648 -0.0020167662459639078 -0.00067520861740910122 0.02621819612209034 -0.00067520861740910122 -0.0020167662459639078 0.0017035426015711648
-0.0036103957941032044 0.021768562309143206 0.02621819612209034 0.86468623694187519 0.02621819612209034 0.021768562309143206 -0.0036103957941032044
0.0017035426015711648 -0.0020167662459639078 -0.00067520861740910122 0.02621819612209034 -0.00067520861740910122 -0.0020167662459639078 0.0017035426015711648
0.0044839383308717977 0.0044127905381662925 -0.0020167662459639078 0.021768562309143206 -0.0020167662459639078 0.0044127905381662925 0.0044839383308717977
0 0.0044839383308717977 0.0017035426015711648 -0.0036103957941032044 0.0017035426015711648 0.0044839383308717977 0
