name: best_7x7_from_retrained_5x5_eta_included
family: full_no33
eta_scale: 1.0905077326652577
matrix_sum: 1.0905077326652577
matrix:
0 0.003186623218389046 0.0080542727505076416 -0.0025437154571841787 0.0080542727505076416 0.003186623218389046 0
0.003186623218389046 0.011293547056505523 -0.014848884711695442 0.0204422805979412 -0.014848884711695442 0.011293547056505523 0.003186623218389046
0.0080542727505076416 -0.014848884711695442 0.014179180948013129 0.019963987074952998 0.014179180948013129 -0.014848884711695442 0.0080542727505076416
-0.0025437154571841787 0.0204422805979412 0.019963987074952998 0.866030521726733 0.019963987074952998 0.0204422805979412 -0.0025437154571841787
0.0080542727505076416 -0.014848884711695442 0.014179180948013129 0.019963987074952998 0.014179180948013129 -0.014848884711695442 0.0080542727505076416
0.003186623218389046 0.011293547056505523 -0.014848884711695442 0.0204422805979412 -0.014848884711695442 0.011293547056505523 0.003186623218389046
0 0.003186623218389046 0.0080542727505076416 -0.0025437154571841787 0.0080542727505076416 0.003186623218389046 0
