name: edge_outer_no33_eta_included
family: edge_outer_no_33
eta_scale: 1.0905077326652577
matrix_sum: 1.0905077326652577
matrix:
0 7.8945894345326458e-06 2.1832838039410481e-05 0.0013010016659343311 2.1832838039410481e-05 7.8945894345326458e-06 0
7.8945894345326458e-06 -0.0077095775242639556 0.0025027488870527602 0.015825121731971047 0.0025027488870527602 -0.0077095775242639556 7.8945894345326458e-06
2.1832838039410481e-05 0.0025027488870527602 0.015424692031524388 0.030518975033621141 0.015424692031524388 0.0025027488870527602 2.1832838039410481e-05
0.0013010016659343311 0.015825121731971047 0.030518975033621141 0.84880707039389625 0.030518975033621141 0.015825121731971047 0.0013010016659343311
2.1832838039410481e-05 0.0025027488870527602 0.015424692031524388 0.030518975033621141 0.015424692031524388 0.0025027488870527602 2.1832838039410481e-05
7.8945894345326458e-06 -0.0077095775242639556 0.0025027488870527602 0.015825121731971047 0.0025027488870527602 -0.0077095775242639556 7.8945894345326458e-06
0 7.8945894345326458e-06 2.1832838039410481e-05 0.0013010016659343311 2.1832838039410481e-05 7.8945894345326458e-06 0
