name: embedded_5x5_control_eta_included
family: embedded_5x5_baseline
eta_scale: 1.0905077326652577
matrix_sum: 1.0905077326652579
matrix:
0 0 0 0 0 0 0
0 -0.0077095775242639556 0.0025027488870527602 0.015825121731971047 0.0025027488870527602 -0.0077095775242639556 0
0 0.0025027488870527602 0.015424692031524388 0.030518975033621141 0.015424692031524388 0.0025027488870527602 0
0 0.015825121731971047 0.030518975033621141 0.85424889647742519 0.030518975033621141 0.015825121731971047 0
0 0.0025027488870527602 0.015424692031524388 0.030518975033621141 0.015424692031524388 0.0025027488870527602 0
0 -0.0077095775242639556 0.0025027488870527602 0.015825121731971047 0.0025027488870527602 -0.0077095775242639556 0
0 0 0 0 0 0 0
