name: full_7x7_no33_eta_included
family: full_7x7_no_33
eta_scale: 1.0905077326652577
matrix_sum: 1.0905077326652575
matrix:
0 0.025978598730158516 0.016096892930739157 -0.012417831070592219 0.016096892930739157 0.025978598730158516 0
0.025978598730158516 -0.0028732095364075497 -0.012167966953412095 0.027590339352776969 -0.012167966953412095 -0.0028732095364075497 0.025978598730158516
0.016096892930739157 -0.012167966953412095 -0.025022762161244941 -0.0065452724437182804 -0.025022762161244941 -0.012167966953412095 0.016096892930739157
-0.012417831070592219 0.027590339352776969 -0.0065452724437182804 0.92832247844211702 -0.0065452724437182804 0.027590339352776969 -0.012417831070592219
0.016096892930739157 -0.012167966953412095 -0.025022762161244941 -0.0065452724437182804 -0.025022762161244941 -0.012167966953412095 0.016096892930739157
0.025978598730158516 -0.0028732095364075497 -0.012167966953412095 0.027590339352776969 -0.012167966953412095 -0.0028732095364075497 0.025978598730158516
0 0.025978598730158516 0.016096892930739157 -0.012417831070592219 0.016096892930739157 0.025978598730158516 0
