name: best_7x7_full_retraining_controlled_eta_included
family: stage3_full33_penalized
eta_scale: 1.0905077326652577
matrix_sum: 1.0905077326652579
matrix:
0.00026383263644891606 0.0047345229055614259 0.0008692875885009454 -0.0037447224803018922 0.0008692875885009454 0.0047345229055614259 0.00026383263644891606
0.0047345229055614259 0.0083749393297550753 -0.0052193466167300183 0.025950046795337731 -0.0052193466167300183 0.0083749393297550753 0.0047345229055614259
0.0008692875885009454 -0.0052193466167300183 0.0057853988809583303 0.017613294715840593 0.0057853988809583303 -0.0052193466167300183 0.0008692875885009454
-0.0037447224803018922 0.025950046795337731 0.017613294715840593 0.87046086213444396 0.017613294715840593 0.025950046795337731 -0.0037447224803018922
0.0008692875885009454 -0.0052193466167300183 0.0057853988809583303 0.017613294715840593 0.0057853988809583303 -0.0052193466167300183 0.0008692875885009454
0.0047345229055614259 0.0083749393297550753 -0.0052193466167300183 0.025950046795337731 -0.0052193466167300183 0.0083749393297550753 0.0047345229055614259
0.00026383263644891606 0.0047345229055614259 0.0008692875885009454 -0.0037447224803018922 0.0008692875885009454 0.0047345229055614259 0.00026383263644891606
