name: best_retrained_5x5_full_objective_eta_included
family: 5x5_full_objective_random_refine
eta_scale: 1.0905077326652577
matrix_sum: 1.0905077326652577
matrix:
0 0 0 0 0 0 0
0 0.004848634775114386 -0.0020430375542072462 0.02335278805819737 -0.0020430375542072462 0.004848634775114386 0
0 -0.0020430375542072462 0.0074962757928581838 0.025747174181514468 0.0074962757928581838 -0.0020430375542072462 0
0 0.02335278805819737 0.025747174181514468 0.86107254186817794 0.025747174181514468 0.02335278805819737 0
0 -0.0020430375542072462 0.0074962757928581838 0.025747174181514468 0.0074962757928581838 -0.0020430375542072462 0
0 0.004848634775114386 -0.0020430375542072462 0.02335278805819737 -0.0020430375542072462 0.004848634775114386 0
0 0 0 0 0 0 0
